724
154 101 119
14 5 82 142
123 36 50
56 87 80 95
47 49 91
73 171 198 178
46 133 135
18 36 119 43
162 85 94
11 82 116 186
143 46 26
19 27 26 34
81 58 115
5 108 128 153
38 155 126
59 89 84 102
125 179 99
40 16 191 156
154 155 192
50 69 168 153
187 194 97
11 52 68 148
112 168 102
150 123 178 187
164 38 42
42 82 139 169
185 83 191
91 141 181 190
143 149 11
59 95 130 150
148 70 99
12 115 151 190
113 130 55
78 89 95 120
187 154 27
22 12 117 144
126 59 156
27 21 37 123
80 187 24
35 37 102 92
188 150 7
36 4 70 190
52 108 80
57 13 191 62
6 127 26
84 112 132 186
159 169 36
58 94 192 108
145 45 140
85 148 97 156
152 133 99
156 41 178 147
55 187 161
61 98 137 114
52 69 11
12 4 197 190
50 7 51
147 52 189 185
0 86 142
39 19 105 61
12 169 162
19 33 73 157
23 11 132
76 32 141 40
175 90 45
25 97 46 173
101 36 159
51 7 102 122
94 42 21
58 78 133 164
73 7 112
96 18 194 172
2 87 13
8 3 177 177
26 55 129
38 29 127 43
117 89 189
11 22 161 83
47 94 53
115 53 120 169
23 109 142
26 3 106 196
125 66 159
38 30 151 121
116 76 61
0 117 34 197
1 113 20
0 73 23 160
13 138 43
37 15 135 199
147 193 19
72 60 129 175
133 119 7
18 36 50 196
65 170 34
18 84 53 171
44 28 45
9 46 38 119
118 125 62
18 90 32 119
131 113 19
16 32 176 66
180 194 103
88 16 198 164
0 93 188
183 6 196 121
40 21 5
18 129 111 147
18 50 172
149 115 189 165
99 165 185
32 30 38 111
28 126 199
180 19 186 177
93 121 184
133 44 139 143
42 157 126
60 159 97 161
74 38 79
62 156 174 158
67 53 189
47 28 186 131
151 124 6
140 46 196 129
141 79 127
51 189 135 195
148 148 109
23 149 186 187
143 1 108
47 6 162 10
137 33 191
40 36 195 110
156 87 119
44 118 49 184
107 95 132
56 31 191 196
135 129 181
30 130 39 192
88 38 155
26 18 144 23
133 91 56
41 90 125 178
97 169 27
4 16 109 60
164 100 92
23 30 99 129
112 14 75
1 52 28 179
28 173 198
4 64 161 155
195 129 198
24 96 92 98
67 133 110
31 83 152 186
16 128 13
86 129 128 142
147 115 109
106 40 175 88
56 62 44
41 143 51 192
42 17 193
53 93 109 102
88 5 177
104 33 140 133
28 27 115
86 94 175 102
33 190 143
95 87 194 186
179 89 83
191 33 196 98
86 36 188
43 12 44 177
153 28 158
118 143 132 178
186 64 104
129 115 198 158
152 38 95
90 27 194 120
63 140 67
100 64 110 79
123 39 170
101 197 103 198
81 79 117
68 95 171 197
54 170 65
128 8 158 152
0 132 144
43 150 92 172
60 108 48
51 48 102 77
131 101 131
150 10 162 169
141 99 65
111 71 174 163
73 79 200
25 117 94 163
113 138 42
40 176 125 198
27 143 178
59 44 158 73
13 9 84
99 17 106 60
23 73 89
39 73 48 152
115 134 191
180 24 184 105
22 24 83
1 112 59 167
163 118 186
20 35 129 79
139 119 54
93 144 114 162
49 85 36
164 145 177 171
195 161 3
84 170 169 186
105 95 83
19 150 21 165
196 39 186
135 1 190 110
55 36 164
104 20 198 121
92 128 118
39 8 120 89
27 156 179
13 4 85 106
169 184 9
118 24 145 53
86 88 56
141 124 170 197
197 121 19
41 49 87 80
138 7 89
18 3 118 116
120 183 62
41 159 69 168
192 14 166
78 102 172 172
178 142 170
139 15 175 16
64 179 97
136 73 155 186
54 155 29
89 138 126 168
58 158 80
50 81 196 124
179 168 6
126 63 157 85
78 18 54
95 50 102 197
135 38 124
151 116 190 145
36 192 37
94 102 116 145
26 112 179
135 33 157 115
48 61 153
5 79 78 173
76 107 24
12 98 98 154
43 49 71
79 41 107 174
143 175 72
49 39 122 79
72 184 147
50 151 72 197
77 56 125
105 69 148 115
13 46 24
57 48 94 88
41 153 63
133 11 137 128
119 134 91
144 16 189 70
68 39 168
44 2 97 47
163 144 25
47 185 128 190
190 93 27
88 46 184 121
126 22 133
46 108 174 190
179 163 159
78 3 199 96
2 122 51
74 66 165 94
8 122 32
57 15 151 135
14 98 57
92 72 140 138
180 66 81
159 30 191 158
185 69 7
57 105 187 191
9 131 152
17 5 182 168
173 192 56
63 79 187 90
114 3 171
2 6 94 70
52 145 117
123 14 189 176
157 132 34
166 15 184 136
21 119 57
112 63 146 85
105 175 117
19 113 38 131
153 41 72
5 186 188 194
153 63 123
110 29 156 195
10 92 166
173 11 183 129
74 85 15
131 13 179 198
144 121 65
97 54 135 162
101 75 49
6 116 122 138
133 30 98
62 123 144 127
134 36 58
23 73 161 140
86 106 92
155 28 182 79
142 42 134
133 1 195 118
56 8 71
167 38 190 86
161 182 166
22 9 96 170
43 198 150
82 56 192 64
84 147 145
29 142 179 174
60 115 129
68 10 150 123
161 117 97
62 51 123 171
21 36 181
65 147 81 186
43 74 164
79 58 107 173
115 89 186
65 4 127 196
127 15 159
7 84 40 163
136 21 87
18 9 109 126
196 100 26
189 70 191 174
99 96 82
15 94 18 137
141 35 43
1 50 20 61
86 8 177
22 132 63 181
190 33 59
84 129 138 133
59 73 153
159 121 185 126
11 155 21
63 125 152 190
40 16 139
114 24 126 101
157 129 186
147 38 195 163
48 79 120
23 19 108 104
178 8 146
117 93 189 163
153 180 19
145 24 156 196
172 23 126
62 29 129 152
67 57 20
116 89 138 176
145 162 196
92 64 123 122
86 9 159
128 89 191 142
138 37 114
63 60 190 144
164 52 126
144 100 184 109
150 83 29
96 19 175 197
119 67 37
146 28 157 101
170 74 191
61 63 103 124
75 45 69
40 97 146 176
158 90 29
56 125 109 157
122 31 129
164 50 194 151
30 110 53
1 14 194 137
0 97 91
28 20 158 94
143 56 197
24 115 54 147
72 80 73
0 63 147 93
65 165 197
1 27 95 48
116 195 15
69 45 104 97
139 15 118
83 71 113 137
18 137 53
43 142 76 169
184 76 36
1 48 183 193
173 184 50
63 132 89 158
177 168 8
68 103 124 183
54 189 193
73 68 196 78
47 72 11
183 101 197 136
94 180 186
34 109 67 165
49 97 20
26 17 27 46
0 151 151
55 80 142 141
171 91 149
19 154 110 163
16 107 92
28 39 111 130
4 14 192
5 31 11 63
81 38 79
81 88 180 141
34 74 121
6 165 68 177
81 130 84
49 37 126 160
77 154 44
33 39 186 168
32 197 23
52 146 65 187
81 184 188
67 25 107 59
176 128 155
9 58 38 59
48 116 172
77 62 166 71
191 153 54
28 40 175 102
42 32 140
75 17 126 142
28 185 121
74 113 156 118
124 64 178
100 153 124 181
4 19 168
21 123 195 124
26 1 164
20 33 54 95
2 180 191
30 118 110 139
183 184 58
107 1 186 183
182 86 137
104 57 186 133
181 77 57
8 28 172 30
63 26 77
66 48 77 159
176 187 61
112 44 120 113
30 55 96
33 126 69 192
48 167 109
68 107 77 175
147 48 123
126 85 140 124
142 141 115
118 128 126 183
125 46 97
107 102 144 128
46 177 56
46 75 115 96
24 135 135
56 49 123 183
60 149 135
0 73 2 90
170 127 57
95 3 104 173
27 48 132
25 23 138 178
26 5 99
32 140 50 174
76 41 24
88 90 110 142
32 110 116
2 98 171 189
115 76 54
136 76 142 120
54 75 144
33 32 42 83
173 26 10
49 19 185 137
161 95 180
47 148 193 157
147 18 199
51 46 62 156
75 139 77
129 114 172 166
199 166 199
159 144 172 173
164 144 63
77 23 193 191
101 40 172
0 11 169 14
9 172 171
84 111 199 166
78 123 81
29 89 78 153
33 190 127
140 27 149 134
78 133 51
173 126 179 179
137 94 194
115 66 146 183
129 114 150
29 188 159 189
78 60 142
19 13 64 50
136 159 193
14 45 194 145
123 167 125
12 61 69 110
79 185 94
42 51 161 120
41 24 62
71 84 154 135
86 174 102
45 85 174 189
82 40 135
5 17 11 159
21 80 129
21 13 52 17
69 16 87
62 40 147 133
76 101 70
114 27 170 88
113 167 30
116 7 195 153
167 79 171
50 111 140 144
129 24 159
44 12 150 40
32 143 146
108 44 166 174
72 88 63
44 56 137 84
63 112 38
160 74 182 191
102 10 20
31 34 177 181
74 173 146
58 116 91 166
112 57 93
107 73 136 146
2 151 159
17 0 195 63
54 155 75
93 118 108 140
152 22 74
19 37 179 147
15 62 157
48 16 80 119
17 155 91
0 37 19 58
73 147 190
63 55 79 188
173 109 129
125 104 153 131
31 124 143
46 126 98 186
106 98 96
123 54 137 95
64 137 85
73 17 138 36
91 136 6
64 142 85 197
81 191 47
112 110 140 115
102 190 190
84 35 160 41
95 21 131
14 49 111 110
146 39 20
24 54 190 128
125 62 197
6 53 195 70
168 87 182
22 30 122 182
71 6 19
100 29 118 179
41 115 32
50 106 139 129
34 74 137
84 88 160 118
141 79 190
62 84 122 119
149 44 20
20 2 37 138
133 137 168
126 4 198 17
63 48 148
35 9 97 75
115 119 129
9 71 69 151
70 191 108
19 187 126 191
141 115 130
26 5 48 152
161 47 170
24 47 68 122
74 55 132
11 175 190 199
78 80 23
129 23 148 119
162 8 111
55 75 191 81
80 39 186
42 18 107 38
38 127 93
24 6 64 183
110 187 6
179 20 188 88
43 61 8
69 13 158 69
144 12 48
177 3 184 171
42 91 190
32 96 82 171
154 58 104
60 4 64 45
65 40 93
51 53 61 171
74 72 137
18 84 183 147
87 168 119
60 11 81 113
182 142 163
17 104 88 152
197 77 109
15 28 152 69
74 3 200
135 75 148 119
111 71 67
137 80 199 191
154 197 147
60 91 89 177
43 77 35
142 106 192 159
128 47 188
2 50 138 151
78 26 71
88 49 189 188
40 25 22
119 35 146 174
65 131 14
60 53 199 160
66 93 13
146 140 152 149
191 42 53
21 10 74 20
69 114 152
61 140 124 160
66 195 196
132 126 160 192
86 159 198
104 51 162 53
193 66 153
136 108 156 157
81 30 121
71 96 102 116
36 147 77
55 142 71 187
20 32 132
58 162 129 191
196 91 166
117 109 190 126
17 25 37
50 7 156 153
104 179 70
92 126 145 147
20 168 135
18 0 192 50
144 99 13
130 82 140 142
51 199 162
20 25 149 71
32 105 177
45 36 136 181
114 142 129
15 62 86 78
15 33 129
92 51 159 132
74 22 87
47 22 125 145
199 196 169
31 53 144 120
41 141 102
29 35 155 41
98 196 72
113 24 199 29
113 43 28
113 18 139 64
40 112 163
82 60 191 174
113 27 95
147 61 154 168
156 129 55
54 125 125 167
107 76 144
20 120 170 160
138 84 177
90 121 130 196
57 173 96
122 29 142 152
72 89 43
28 18 97 82
96 174 2
3 51 144 175
171 115 88
61 151 64 191
147 106 65
156 31 159 183
53 12 57
36 54 143 113
151 119 162
126 72 164 129
169 92 101
84 35 161 179
195 104 135
43 85 102 168
79 74 70
77 28 133 86
140 113 94
44 122 55 184
9 19 52
103 62 178 111
43 16 50
38 92 135 120
40 178 179
119 4 199 90
76 32 184
141 78 179 126
133 53 136
113 16 152 104
7 127 60
49 95 175 176
111 142 88
6 46 42 72
71 163 90
24 88 147 147
25 155 167
53 8 158 63
64 166 32
23 45 42 198
173 91 94
37 79 180 185
57 138 78
128 27 166 53
1 142 69
34 89 178 97
105 40 153
169 6 183 192
4 25 191
35 14 177 68
54 167 94
63 58 171 192
111 89 172
39 32 64 195
129 26 85
36 66 187 156
24 171 102
28 6 43 148
168 79 173
66 38 174 46
56 189 183
153 30 168 184
62 145 180
63 131 192 171
189 51 88
13 42 140 174
74 184 1
43 17 172 63
61 190 56
37 38 118 131
162 143 23
2 88 24 168
59 17 100
48 13 139 21
195 79 8
70 15 159 65
78 132 83
92 10 138 74
158 127 1
22 70 120 96
110 176 18
68 121 121 146
167 159 136
142 184 162 191
6 102 50
37 129 132 186
12 22 92
91 42 170 101
124 65 92
34 42 108 108
188 176 30
116 69 155 88
79 11 7
55 65 85 122
51 139 4
15 113 94 138
167 185 181
71 51 91 77
45 131 138
33 60 167 140
148 83 162
27 46 119 64
111 175 140
114 66 142 130
132 37 69
0 142 99 174
25 24 172
22 7 109 155
167 28 100
61 94 115 111
110 180 112
21 107 50 136
126 144 67
58 157 86 181
156 86 52
22 62 133 108
170 131 116
15 53 137 159
23 76 100
133 8 162 106
68 12 43
108 52 194 157
90 146 162
12 84 198 185
47 186 193
17 70 107 155
181 122 161
11 41 156 150
111 174 149
179 125 190 138
95 51 130
90 136 138 197
182 54 173
164 192 182 199
62 24 107
18 98 196 152
1 30 147
94 4 112 43
142 36 169
97 87 190 128
37 139 17
141 145 171 153
137 57 106
152 81 163 148
180 182 53
181 12 198 45
168 92 89
8 52 110 129
168 57 133
101 129 157 196
141 42 35
30 99 91 182
181 55 83
113 37 135 46
1 133 92
131 31 169 178
59 91 85
16 137 179 148
96 117 19
4 19 189 111
11 96 155
36 9 144 103
92 123 56
93 9 98 62
187 181 94
129 72 198 177
20 98 67
84 15 116 57
79 89 77
90 137 182 186
192 19 196
2 94 84 177
103 100 192
36 40 42 81
153 166 19
84 64 125 193
31 121 51
78 152 110 162
99 61 91
43 32 85 127
126 87 57
47 24 182 139
20 35 66
35 1 125 50
17 119 44
1 63 45 192
154 124 169
5 48 58 185
17 96 176
31 77 95 135
75 30 103
95 66 167 173
19 2 24
19 73 189 142
18 16 6
125 130 172 140
125 136 179
94 32 106 190
167 89 68
42 72 169 90
138 88 64
38 42 109 50
68 9 193
86 10 150 26
166 75 141
44 11 119 138
195 177 81
148 66 163 157
138 69 200
14 90 28 110
104 53 141
133 10 172 62
40 83 22
7 51 161 110
74 32 142
22 161 69 184
28 122 95
93 99 118 191
53 108 190
81 82 158 113
127 14 94
66 49 168 175
112 27 179
71 12 186 55
173 93 193
86 24 153 167
111 131 76
64 39 164 122
152 145 6
50 0 80 112
113 116 176
25 11 105 95
107 128 20
11 22 33 138
141 49 163
37 17 52 180
172 53 92
48 108 76 151
15 98 109
35 14 128 154
62 92 118
121 21 136 154
195 99 94
7 100 136 189
81 197 159
5 2 49 81
153 98 191
98 97 168 148
115 86 4
120 98 177 178
199 9 6
50 108 194 131
9 9 73
30 6 42 47
9 31 81
22 35 114 81
30 73 85
87 26 97 159
137 7 125
81 83 89 168
77 83 167
38 32 51 93
20 79 61
52 111 127 133
134 162 164
7 46 12 166
133 38 56
92 61 144 115
196 180 91
32 125 128 146
185 160 177
5 9 189 191
54 116 144
58 30 188 147
76 71 66
121 53 161 109
176 17 67
108 5 173 197
144 36 83
10 38 81 148
91 199 49
146 67 191 86
97 49 35
99 72 173 86
134 20 93
110 35 158 190
187 19 41
74 55 83 164
156 85 156
3 36 199 145
104 146 33
1 127 66 147
20 165 166
57 16 154 138
128 168 53
44 151 67 187
194 119 68
22 4 150 102
40 177 48
31 50 96 123
23 49 130
94 101 195 167
105 152 118
169 4 185 120
107 14 156
23 133 53 156
89 197 59
81 130 105 175
50 89 181
25 20 109 138
105 3 122
39 147 162 155
27 160 105
59 140 86 174
59 34 97
106 182 148 184
111 163 113
92 52 161 139
191 153 160
33 11 48 156
64 24 111
14 130 43 184
159 74 23
18 60 70 119
44 176 102
155 69 165 139
144 57 9
87 10 119 135
118 152 147
9 26 182 176
161 23 109
72 49 82 90
110 152 162
62 14 106 80
171 27 36
43 2 115 36
198 114 91
36 51 117 67
195 45 30
89 21 108 180
70 171 72
32 123 132 191
155 47 6
40 26 127 42
15 35 198
13 82 87 149
168 75 135
115 24 164 73
94 5 6
28 1 116 176
52 12 193
7 59 149 134
38 141 130
53 66 126 128
29 165 102
187 40 198 114
113 102 139
7 59 95 76
36 123 78
40 136 69 199
147 170 87
15 38 185 111
39 93 58
20 58 158 170
50 97 85
164 123 175 199
59 70 200
47 39 76 146
82 97 39
29 67 124 167
130 91 158
166 142 169 184
194 76 113
45 161 149 173
173 124 85
36 31 184 146
92 112 71
60 108 126 162
29 137 76
32 28 160 81
165 199 24
111 27 136 108
1 37 70
106 158 174 161
59 142 142
104 6 163 182
120 175 91
117 62 150 112
141 150 144
58 101 119 169
128 7 79
129 44 147 55
157 5 166
58 24 168 99
58 21 8
97 128 178 197
61 15 143
2 60 86 117
170 157 31
50 116 60 132
160 159 188
69 37 105 165
64 163 63
21 53 74 137
86 118 134
76 85 147 150
2 114 163
124 71 144 175
139 4 108
46 120 99 164
81 103 110
97 67 123 172
4 144 26
90 15 110 37
100 186 140
54 100 55 179
123 198 107
13 113 62 155
71 12 186
95 1 152 115
134 170 174
138 115 150 180
130 61 171
61 37 182 199
52 115 170
75 66 127 142
173 41 56
44 5 193 148
120 40 102
7 10 75 145
77 177 79
0 142 159 190
190 61 132
42 129 52 169
147 80 64
119 116 120 121
78 64 17
117 104 150 157
66 144 56
133 74 144 103
64 85 198
6 0 81 146
27 133 123
126 13 185 46
86 56 115
130 115 164 120
176 0 73
43 144 127 187
18 12 43
35 41 40 97
196 121 43
116 6 175 102
20 101 101
15 71 106 158
30 97 139
7 50 10 97
194 90 190
12 102 183 199
152 175 42
35 48 100 75
55 151 178
75 4 78 133
162 45 157
94 142 193 152
40 57 3
143 147 186 198
1 78 151
105 5 191 54
102 178 34
10 81 157 184
85 40 71
0 37 178 193
180 73 146
99 82 172 110
181 194 109
10 40 134 72
126 153 198
30 90 181 131
164 193 76
50 50 97 185
23 75 196
92 79 155 100
182 191 190
49 50 115 137
9 60 43
39 13 88 69
97 70 160
61 48 186 63
83 65 24
111 11 178 12
104 9 147
13 184 47 198
0 63 195
12 105 34 177
145 55 75
88 14 167 30
153 103 31
6 99 188 121
133 184 64
38 85 161 146
96 174 71
16 60 96 190
47 2 39
112 57 192 159
71 152 142
124 56 176 165
129 130 17
62 66 79 100
12 192 187
8 109 61 119
109 176 171
8 101 156 178
35 120 13
58 25 154 35
33 30 1
16 24 162 160
178 48 126
63 4 143 192
111 23 114
20 129 83 199
129 91 31
42 164 116 174
189 148 162
22 130 113 184
90 82 161
21 130 37 164
122 100 169
34 6 81 75
26 117 136
117 8 155 71
172 112 199
159 60 161 135
191 73 72
32 54 33 155
37 69 171
111 97 138 122
197 172 105
24 89 191 131
49 61 156
22 135 105 173
33 64 72
94 89 176 162
196 126 169
33 97 139 196
70 29 195
50 43 67 153
42 194 128
82 55 92 66
28 139 2
13 3 24 142
45 119 57
24 27 41 197
145 115 125
15 35 70 97
50 121 79
45 67 157 137
122 191 156
102 67 108 130
86 85 10
17 4 131 124
153 42 152
27 66 99 109
6 50 102
57 102 132 123
190 89 192
64 81 98 118
163 6 186
49 91 147 132
47 164 58
1 52 160 158
68 140 119
26 35 172 190
113 104 90
32 71 55 145
178 130 190
142 137 174 191
180 121 77
133 38 180 133
196 93 186
16 43 55 185
175 27 79
40 47 120 83
29 152 119
107 83 159 101
172 34 46
104 84 121 155
145 6 18
2 99 142 110
85 10 106
12 5 184 189
25 104 53
54 8 171 13
91 30 68
15 64 112 120
172 185 5
22 11 117 191
42 176 123
27 92 79 138
128 163 50
101 19 153 159
28 24 125
71 55 191 87
119 55 160
43 161 163 192
183 137 125
26 57 198 66
4 178 102
84 93 150 189
113 4 149
25 28 93 116
35 168 4
107 150 162 176
168 78 64
152 130 188 167
33 186 188
41 74 190 116
10 191 65
123 168 164 195
24 141 85
11 110 40 118
86 154 70
54 158 132 184
152 120 41
137 59 180 127
175 21 155
18 60 185 164
160 134 181
17 28 136 147
138 57 67
135 11 176 30
148 19 142
100 37 133 92
151 113 166
78 16 119 86
51 89 29
9 99 11 175
3 26 47
64 35 93 69
46 199 53
193 46 194 171
63 78 85
1 44 166 192
78 72 13
41 92 129 161
88 50 192
92 28 190 185
63 54 8
59 6 61 8
177 4 55
40 6 90 82
74 91 3
15 115 105 186
76 8 80
22 10 117 161
38 12 99
101 67 105 114
73 164 123
50 42 177 168
51 19 1
77 63 154 182
178 121 170
0 124 7 129
139 174 86
129 182 183 187
6 89 98
19 33 31 53
174 148 76
25 102 27 168
31 181 38
6 103 161 168
184 158 93
124 53 177 132
71 113 37
77 60 85 154
7 104 94
133 5 168 158
173 147 14
50 117 156 129
184 8 39
130 92 168 166
50 60 99
86 151 122 173
79 171 13
86 27 105 172
32 26 131
95 65 157 173
54 145 136
38 7 173 153
71 103 52
122 115 149 196
40 187 100
63 110 119 158
138 169 131
12 80 170 147
72 108 146
80 53 127 165
159 53 125
30 104 176 109
24 77 53
65 65 104 184
175 167 143
24 36 65 136
35 37 117
13 145 108 187
198 94 105
29 92 109 147
8 5 149
1 34 33 98
99 105 35
27 72 129 92
161 153 81
135 8 148 190
162 195 87
8 100 195 107
81 39 117
86 72 149 188
